 9.99972264e-01	  7.40011915e-03	 -8.42325729e-04	 -1.71596000e-03	
-7.39687575e-03	  9.99965458e-01	  3.79063584e-03	 -1.53513000e-03	
 8.70347791e-04	 -3.78430012e-03	  9.99992461e-01	  1.16074000e-03	
 0.00000000e+00	  0.00000000e+00	  0.00000000e+00	  1.00000000e+00	
