 9.99999205e-01	  1.26093262e-03	  1.95294058e-05	  3.91479000e-04	
-1.26095958e-03	  9.99998156e-01	  1.44839838e-03	  2.25112000e-05	
-1.77030371e-05	 -1.44842185e-03	  9.99998951e-01	  2.76351000e-04	
 0.00000000e+00	  0.00000000e+00	  0.00000000e+00	  1.00000000e+00	
