 9.99961814e-01	  8.67271245e-03	 -1.07466251e-03	 -2.00328000e-03	
-8.66854120e-03	  9.99955104e-01	  3.82714987e-03	 -1.87880000e-03	
 1.10780603e-03	 -3.81768797e-03	  9.99992099e-01	  1.10763000e-03	
 0.00000000e+00	  0.00000000e+00	  0.00000000e+00	  1.00000000e+00	
